110 110
3500 3500
01 01 01 01 01 01 01 01 01 01 01 01 01 01 01 01 01 01 01 01 01 01 01 01 01 01 01 01 01 01 01 01 01 01 01 01 01 01 01 01 01 01 01 01 01 01 01 01 01 01 01 01 01 01 01 01 01 01 01 01 01 01 01 01 01 01 01 01 01 01 01 01 01 01 01 01 01 01 01 01 01 01 01 01 01 01 01 01 01 01 01 01 01 01 01 01 01 01 01 01 01 01 01 01 01 01 01 01 01 01
01 01 01 01 01 01 01 01 01 01 01 01 01 01 01 01 01 01 01 01 01 01 01 01 01 01 01 01 01 01 01 01 01 01 01 01 01 01 01 01 01 01 01 01 01 01 01 01 01 01 01 01 01 01 01 01 01 01 01 01 01 01 01 01 01 01 01 01 01 01 01 01 01 01 01 01 01 01 01 01 01 01 01 01 01 01 01 01 01 01 01 01 01 01 01 01 01 01 01 01 01 01 01 01 01 01 01 01 01 01
01 01 01 01 01 01 01 01 01 01 01 01 01 01 01 01 01 01 01 01 01 01 01 01 01 01 01 01 01 01 01 01 01 01 01 01 01 01 01 01 01 01 01 01 01 01 01 01 01 01 01 01 01 01 01 01 01 01 01 01 01 01 01 01 01 01 01 01 01 01 01 01 01 01 01 01 01 01 01 01 01 01 01 01 01 01 01 01 01 01 01 01 01 01 01 01 01 01 01 01 01 01 01 01 01 01 01 01 01 01
01 01 01 01 01 01 01 01 01 01 01 01 01 01 01 01 01 01 01 01 01 01 01 01 01 01 01 01 01 01 01 01 01 01 01 01 01 01 01 01 01 01 01 01 01 01 01 01 01 01 01 01 01 01 01 01 01 01 01 01 01 01 01 01 01 01 01 01 01 01 01 01 01 01 01 01 01 01 01 01 01 01 01 01 01 01 01 01 01 01 01 01 01 01 01 01 01 01 01 01 01 01 01 01 01 01 01 01 01 01
01 01 01 01 01 01 01 01 01 01 01 01 01 01 01 01 01 01 01 01 01 01 01 01 01 01 01 01 01 01 01 01 01 01 01 01 01 01 01 01 01 01 01 01 01 01 01 01 01 01 01 01 01 01 01 01 01 01 01 01 01 01 01 01 01 01 01 01 01 01 01 01 01 01 01 01 01 01 01 01 01 01 01 01 01 01 01 01 01 01 01 01 01 01 01 01 01 01 01 01 01 01 01 01 01 01 01 01 01 01
01 01 01 01 01 03 07 07 07 07 07 07 07 07 07 07 07 07 07 07 04 01 01 01 01 01 03 07 07 07 07 07 07 07 07 07 07 07 07 07 07 04 01 01 01 01 01 03 07 07 07 07 07 07 07 07 07 07 07 07 07 07 04 01 01 01 01 01 03 07 07 07 07 07 07 07 07 07 07 07 07 07 07 04 01 01 01 01 01 03 07 07 07 07 07 07 07 07 07 07 07 07 07 07 04 01 01 01 01 01
01 01 01 01 01 09 00 00 00 00 00 00 00 00 00 00 00 00 00 00 10 01 01 01 01 01 09 00 00 00 00 00 00 00 00 00 00 00 00 00 00 10 01 01 01 01 01 09 00 08 08 08 00 00 08 08 00 00 08 08 08 00 10 01 01 01 01 01 09 00 00 00 00 00 00 00 00 00 00 00 00 00 00 10 01 01 01 01 01 09 00 00 00 00 00 00 00 00 00 08 08 08 08 00 10 01 01 01 01 01
01 01 01 01 01 09 00 00 08 00 00 00 08 08 00 00 00 08 00 00 10 01 01 01 01 01 09 00 00 08 08 08 00 00 00 00 08 08 08 00 00 10 01 01 01 01 01 09 10 01 01 01 09 10 01 01 09 10 01 01 01 09 10 01 01 01 01 01 09 00 00 00 00 00 00 00 00 00 00 00 00 00 00 10 01 01 01 01 01 09 00 00 00 00 00 00 00 00 10 01 01 01 01 09 10 01 01 01 01 01
01 01 01 01 01 09 00 10 01 09 00 10 01 01 09 00 10 01 09 00 10 01 01 01 01 01 09 00 10 01 01 01 09 00 00 10 01 01 01 09 00 10 01 01 01 01 01 09 10 01 01 01 09 10 01 01 09 10 01 01 01 09 10 01 01 01 01 01 09 00 00 00 00 00 00 00 00 00 00 00 00 00 00 10 01 01 01 01 01 09 00 00 00 00 00 00 00 00 10 01 01 01 01 09 10 01 01 01 01 01
01 01 01 01 01 09 00 00 07 00 00 00 07 07 00 00 00 07 00 00 10 01 01 01 01 01 09 00 10 01 01 01 09 00 00 10 01 01 01 09 00 10 01 01 01 01 01 09 10 01 01 01 09 10 01 01 09 10 01 01 01 09 10 01 01 01 01 01 09 00 00 00 00 00 00 00 00 00 00 00 00 00 00 10 01 01 01 01 01 09 00 00 00 00 00 00 00 00 10 01 01 01 01 09 10 01 01 01 01 01
01 01 01 01 01 09 00 00 08 00 00 00 08 08 00 00 00 08 00 00 10 01 01 01 01 01 09 00 10 01 01 01 09 00 00 10 01 01 01 09 00 10 01 01 01 01 01 09 10 01 01 01 09 10 01 01 09 10 01 01 01 09 10 01 01 01 01 01 09 00 00 00 00 00 00 00 00 00 00 00 00 00 00 10 01 01 01 01 01 09 00 00 00 00 00 00 00 00 10 01 01 01 01 09 10 01 01 01 01 01
01 01 01 01 01 09 00 10 01 09 00 10 01 01 09 00 10 01 09 00 10 01 01 01 01 01 09 00 10 01 01 01 09 00 00 10 01 01 01 09 00 10 01 01 01 01 01 09 10 01 01 01 09 10 01 01 09 10 01 01 01 09 10 01 01 01 01 01 09 00 00 00 00 00 00 00 00 00 00 00 00 00 00 10 01 01 01 01 01 09 00 00 00 00 00 00 00 00 10 01 01 01 01 09 10 01 01 01 01 01
01 01 01 01 01 09 00 00 07 00 00 00 07 07 00 00 00 07 00 00 00 02 02 02 02 02 00 00 10 01 01 01 09 00 00 10 01 01 01 09 00 10 01 01 01 01 01 09 00 07 07 07 00 00 07 07 00 00 07 07 07 00 10 01 01 01 01 01 09 00 00 00 00 00 00 00 00 00 00 00 00 00 00 10 01 01 01 01 01 09 00 00 00 00 00 00 00 00 10 01 01 01 01 09 10 01 01 01 01 01
01 01 01 01 01 09 00 00 08 00 00 00 08 08 00 00 00 08 00 00 00 02 02 02 02 02 00 00 10 01 01 01 09 00 00 10 01 01 01 09 00 10 01 01 01 01 01 09 00 00 00 00 00 00 00 00 00 00 00 00 00 00 10 01 01 01 01 01 09 00 00 00 00 00 00 00 00 00 00 00 00 00 00 10 02 02 02 02 02 09 00 00 00 00 00 00 00 00 10 01 01 01 01 09 10 01 01 01 01 01
01 01 01 01 01 09 00 10 01 09 00 10 01 01 09 00 10 01 09 00 10 01 01 01 01 01 09 00 10 01 01 01 09 00 00 10 01 01 01 09 00 10 01 01 01 01 01 09 00 08 08 08 00 00 08 08 00 00 08 08 08 00 10 01 01 01 01 01 09 00 00 00 00 00 00 00 00 00 00 00 00 00 00 10 02 02 02 02 02 09 00 00 00 00 00 00 00 00 10 01 01 01 01 09 10 01 01 01 01 01
01 01 01 01 01 09 00 00 07 00 00 00 07 07 00 00 00 07 00 00 10 01 01 01 01 01 09 00 10 01 01 01 09 00 00 10 01 01 01 09 00 10 01 01 01 01 01 09 10 01 01 01 09 10 01 01 09 10 01 01 01 09 10 01 01 01 01 01 09 00 00 00 00 00 00 00 00 00 00 00 00 00 00 10 01 01 01 01 01 09 00 00 00 00 00 00 00 00 10 01 01 01 01 09 10 01 01 01 01 01
01 01 01 01 01 09 00 00 08 00 00 00 08 08 00 00 00 08 00 00 10 01 01 01 01 01 09 00 10 01 01 01 09 00 00 10 01 01 01 09 00 10 01 01 01 01 01 09 10 01 01 01 09 10 01 01 09 10 01 01 01 09 10 01 01 01 01 01 09 00 00 00 00 00 00 00 00 00 00 00 00 00 00 10 01 01 01 01 01 09 00 00 00 00 00 00 00 00 10 01 01 01 01 09 10 01 01 01 01 01
01 01 01 01 01 09 00 10 01 09 00 10 01 01 09 00 10 01 09 00 10 01 01 01 01 01 09 00 10 01 01 01 09 00 00 10 01 01 01 09 00 10 01 01 01 01 01 09 10 01 01 01 09 10 01 01 09 10 01 01 01 09 10 01 01 01 01 01 09 00 00 00 00 00 00 00 00 00 00 00 00 00 00 10 01 01 01 01 01 09 00 00 00 00 00 00 00 00 10 01 01 01 01 09 10 01 01 01 01 01
01 01 01 01 01 09 00 00 07 00 00 00 07 07 00 00 00 07 00 00 10 01 01 01 01 01 09 00 00 07 07 07 00 00 00 00 07 07 07 00 00 10 01 01 01 01 01 09 10 01 01 01 09 10 01 01 09 10 01 01 01 09 10 01 01 01 01 01 09 00 00 00 00 00 00 00 00 00 00 00 00 00 00 10 01 01 01 01 01 09 00 00 00 00 00 00 00 00 10 01 01 01 01 09 10 01 01 01 01 01
01 01 01 01 01 09 00 00 00 00 00 00 00 00 00 00 00 00 00 00 10 01 01 01 01 01 09 00 00 00 00 00 00 00 00 00 00 00 00 00 00 10 01 01 01 01 01 09 00 07 07 07 00 00 07 07 00 00 07 07 07 00 10 01 01 01 01 01 09 00 00 00 00 00 00 00 00 00 00 00 00 00 00 10 01 01 01 01 01 09 00 00 00 00 00 00 00 00 00 07 07 07 07 00 10 01 01 01 01 01
01 01 01 01 01 05 08 08 08 08 08 08 08 08 08 08 08 08 08 08 06 01 01 01 01 01 05 08 08 08 08 00 00 08 08 08 08 08 08 08 08 06 01 01 01 01 01 05 08 08 08 00 00 08 08 08 08 08 08 08 08 08 06 01 01 01 01 01 05 08 08 08 08 08 08 08 08 08 08 08 08 08 08 06 01 01 01 01 01 05 08 08 08 08 08 08 08 08 08 08 08 08 08 08 06 01 01 01 01 01
01 01 01 01 01 01 01 01 01 01 01 01 01 01 01 01 01 01 01 01 01 01 01 01 01 01 01 01 01 01 01 02 02 01 01 01 01 01 01 01 01 01 01 01 01 01 01 01 01 01 01 02 02 01 01 01 01 01 01 01 01 01 01 01 01 01 01 01 01 01 01 01 01 01 01 02 02 01 01 01 01 01 01 01 01 01 01 01 01 01 01 01 01 01 01 01 01 01 01 01 01 01 01 01 01 01 01 01 01 01
01 01 01 01 01 01 01 01 01 01 01 01 01 01 01 01 01 01 01 01 01 01 01 01 01 01 01 01 01 01 01 02 02 01 01 01 01 01 01 01 01 01 01 01 01 01 01 01 01 01 01 02 02 01 01 01 01 01 01 01 01 01 01 01 01 01 01 01 01 01 01 01 01 01 01 02 02 01 01 01 01 01 01 01 01 01 01 01 01 01 01 01 01 01 01 01 01 01 01 01 01 01 01 01 01 01 01 01 01 01
01 01 01 01 01 01 01 01 01 01 01 01 01 01 01 01 01 01 01 01 01 01 01 01 01 01 01 01 01 01 01 02 02 01 01 01 01 01 01 01 01 01 01 01 01 01 01 01 01 01 01 02 02 01 01 01 01 01 01 01 01 01 01 01 01 01 01 01 01 01 01 01 01 01 01 02 02 01 01 01 01 01 01 01 01 01 01 01 01 01 01 01 01 01 01 01 01 01 01 01 01 01 01 01 01 01 01 01 01 01
01 01 01 01 01 01 01 01 01 01 01 01 01 01 01 01 01 01 01 01 01 01 01 01 01 01 01 01 01 01 01 02 02 01 01 01 01 01 01 01 01 01 01 01 01 01 01 01 01 01 01 02 02 01 01 01 01 01 01 01 01 01 01 01 01 01 01 01 01 01 01 01 01 01 01 02 02 01 01 01 01 01 01 01 01 01 01 01 01 01 01 01 01 01 01 01 01 01 01 01 01 01 01 01 01 01 01 01 01 01
01 01 01 01 01 01 01 01 01 01 01 01 01 01 01 01 01 01 01 01 01 01 01 01 01 01 01 01 01 01 01 02 02 01 01 01 01 01 01 01 01 01 01 01 01 01 01 01 01 01 01 02 02 01 01 01 01 01 01 01 01 01 01 01 01 01 01 01 01 01 01 01 01 01 01 02 02 01 01 01 01 01 01 01 01 01 01 01 01 01 01 01 01 01 01 01 01 01 01 01 01 01 01 01 01 01 01 01 01 01
01 01 01 01 01 03 07 07 07 07 07 07 07 07 07 07 07 07 07 07 04 01 01 01 01 01 03 07 07 07 07 00 00 07 07 07 07 07 07 07 07 04 01 01 01 01 01 03 07 07 07 00 00 07 07 07 07 07 07 07 07 07 04 01 01 01 01 01 03 07 07 07 07 07 07 07 07 07 07 07 07 07 07 04 01 01 01 01 01 03 07 07 07 07 07 07 07 07 07 07 07 07 07 07 04 01 01 01 01 01
01 01 01 01 01 09 00 08 08 08 08 08 08 08 08 08 08 08 08 00 10 01 01 01 01 01 09 00 08 08 08 00 00 08 08 08 08 08 08 08 00 10 01 01 01 01 01 09 00 00 00 00 00 00 00 00 00 00 00 00 00 00 10 01 01 01 01 01 09 00 08 08 08 08 08 00 00 08 08 08 08 08 00 10 01 01 01 01 01 09 00 00 00 00 00 00 00 00 00 00 00 00 00 00 10 01 01 01 01 01
01 01 01 01 01 09 10 01 01 01 01 01 01 01 01 01 01 01 01 09 10 01 01 01 01 01 09 10 01 01 01 09 10 01 01 01 01 01 01 01 09 10 01 01 01 01 01 09 00 00 08 08 08 08 08 08 08 08 08 08 00 00 10 01 01 01 01 01 09 10 01 01 01 01 01 00 00 01 01 01 01 01 09 10 01 01 01 01 01 09 00 00 00 00 00 00 00 00 00 00 00 00 00 00 10 01 01 01 01 01
01 01 01 01 01 09 10 01 01 01 01 01 01 01 01 01 01 01 01 09 10 01 01 01 01 01 09 10 01 01 01 09 10 01 01 01 01 01 01 01 09 10 01 01 01 01 01 09 00 10 01 01 01 01 01 01 01 01 01 01 09 00 10 01 01 01 01 01 09 10 01 01 01 01 01 00 00 01 01 01 01 01 09 10 01 01 01 01 01 09 00 00 00 08 08 08 08 08 08 08 08 00 00 00 10 01 01 01 01 01
01 01 01 01 01 09 10 01 01 03 07 07 07 07 07 07 04 01 01 09 10 01 01 01 01 01 09 10 01 01 03 00 00 07 07 07 07 04 01 01 09 10 01 01 01 01 01 09 00 10 01 01 01 01 01 01 01 01 01 01 09 00 10 01 01 01 01 01 09 10 01 01 03 07 07 00 00 07 07 04 01 01 09 10 01 01 01 01 01 09 00 00 10 01 01 01 01 01 01 01 01 09 00 00 10 01 01 01 01 01
01 01 01 01 01 09 10 01 01 09 00 00 00 00 00 00 10 01 01 09 10 01 01 01 01 01 09 10 01 01 09 00 00 00 00 00 00 10 01 01 09 10 01 01 01 01 01 09 00 10 01 01 01 01 01 01 01 01 01 01 09 00 10 01 01 01 01 01 09 10 01 01 09 00 00 00 00 00 00 10 01 01 09 10 01 01 01 01 01 09 00 00 10 01 01 01 01 01 01 01 01 09 00 00 10 01 01 01 01 01
01 01 01 01 01 09 10 01 01 09 00 00 00 00 00 00 10 01 01 09 10 01 01 01 01 01 09 10 01 01 09 00 00 00 00 00 00 10 01 01 09 10 01 01 01 01 01 09 00 10 01 01 01 01 01 01 01 01 01 01 09 00 10 01 01 01 01 01 09 10 01 01 09 00 00 00 00 00 00 10 01 01 09 10 01 01 01 01 01 09 00 00 10 01 01 01 01 01 01 01 01 09 00 00 10 01 01 01 01 01
01 01 01 01 01 09 10 01 01 09 00 00 00 00 00 00 00 07 07 00 00 02 02 02 02 02 00 00 07 07 00 00 00 00 00 00 00 10 01 01 09 10 01 01 01 01 01 09 00 10 01 01 01 01 01 01 01 01 01 01 09 00 10 01 01 01 01 01 09 10 01 01 09 00 00 00 00 00 00 10 01 01 09 10 01 01 01 01 01 09 00 00 10 01 01 01 01 01 01 01 01 09 00 00 10 01 01 01 01 01
01 01 01 01 01 09 10 01 01 09 00 00 00 00 00 00 00 08 08 00 00 02 02 02 02 02 00 00 08 08 00 00 00 00 00 00 00 10 01 01 09 10 01 01 01 01 01 09 00 10 01 01 01 01 01 01 01 01 01 01 09 00 10 01 01 01 01 01 09 10 01 01 09 00 00 00 00 00 00 10 01 01 09 10 01 01 01 01 01 09 00 00 10 01 01 01 01 01 01 01 01 09 00 00 10 01 01 01 01 01
01 01 01 01 01 09 10 01 01 09 00 00 00 00 00 00 10 01 01 09 10 01 01 01 01 01 09 10 01 01 09 00 00 00 00 00 00 10 01 01 09 10 01 01 01 01 01 09 00 10 01 01 01 01 01 01 01 01 01 01 09 00 10 01 01 01 01 01 09 10 01 01 09 00 00 00 00 00 00 10 01 01 09 10 01 01 01 01 01 09 00 00 10 01 01 01 01 01 01 01 01 09 00 00 10 01 01 01 01 01
01 01 01 01 01 09 10 01 01 09 00 00 00 00 00 00 10 01 01 09 10 01 01 01 01 01 09 10 01 01 05 08 08 08 08 08 08 06 01 01 09 10 01 01 01 01 01 09 00 10 01 01 01 01 01 01 01 01 01 01 09 00 10 01 01 01 01 01 09 10 01 01 09 00 00 00 00 00 00 00 07 07 00 00 02 02 02 02 02 00 00 00 10 01 01 01 01 01 01 01 01 09 00 00 10 01 01 01 01 01
01 01 01 01 01 09 10 01 01 05 08 00 00 08 08 08 06 01 01 09 10 01 01 01 01 01 09 10 01 01 01 01 01 01 01 01 01 01 01 01 09 10 01 01 01 01 01 09 00 10 01 01 01 01 01 01 01 01 01 01 09 00 10 01 01 01 01 01 09 00 07 07 00 08 08 08 08 08 08 08 08 08 00 00 02 02 02 02 02 00 00 00 10 01 01 01 01 01 01 01 01 09 00 00 10 01 01 01 01 01
01 01 01 01 01 09 10 01 01 01 01 09 10 01 01 01 01 01 01 09 10 01 01 01 01 01 09 10 01 01 01 01 01 01 01 01 01 01 01 01 09 10 01 01 01 01 01 09 00 10 01 01 01 01 01 01 01 01 01 01 09 00 10 01 01 01 01 01 09 00 00 00 10 01 01 01 01 01 01 01 01 01 09 10 01 01 01 01 01 09 00 00 00 07 07 07 07 07 07 07 07 00 00 00 10 01 01 01 01 01
01 01 01 01 01 09 10 01 01 01 01 09 10 01 01 01 01 01 01 09 10 01 01 01 01 01 09 10 01 01 01 01 01 01 01 01 01 01 01 01 09 10 01 01 01 01 01 09 00 00 07 07 07 07 07 07 07 07 07 07 00 00 10 01 01 01 01 01 09 00 00 00 10 01 01 01 01 01 01 01 01 01 09 10 01 01 01 01 01 09 00 00 00 00 00 00 00 00 00 00 00 00 00 00 10 01 01 01 01 01
01 01 01 01 01 09 00 07 07 07 07 00 00 07 07 07 07 07 07 00 10 01 01 01 01 01 09 10 07 07 07 07 07 07 07 07 07 07 07 07 00 10 01 01 01 01 01 09 00 00 00 00 00 00 00 00 00 00 00 00 00 00 10 01 01 01 01 01 09 00 00 00 00 07 07 07 07 07 07 07 07 07 00 10 01 01 01 01 01 09 00 00 00 00 00 00 00 00 00 00 00 00 00 00 10 01 01 01 01 01
01 01 01 01 01 05 08 08 08 08 08 00 00 08 08 08 08 08 08 08 06 01 01 01 01 01 05 08 08 08 08 08 08 08 08 08 08 08 08 08 08 06 01 01 01 01 01 05 08 08 08 08 08 08 08 08 08 08 00 00 08 08 06 01 01 01 01 01 05 08 00 00 08 08 08 08 08 08 08 08 08 08 08 06 01 01 01 01 01 05 08 08 08 08 08 08 00 00 08 08 08 08 08 08 06 01 01 01 01 01
01 01 01 01 01 01 01 01 01 01 01 02 02 01 01 01 01 01 01 01 01 01 01 01 01 01 01 01 01 01 01 01 01 01 01 01 01 01 01 01 01 01 01 01 01 01 01 01 01 01 01 01 01 01 01 01 01 01 02 02 01 01 01 01 01 01 01 01 01 01 02 02 01 01 01 01 01 01 01 01 01 01 01 01 01 01 01 01 01 01 01 01 01 01 01 01 02 02 01 01 01 01 01 01 01 01 01 01 01 01
01 01 01 01 01 01 01 01 01 01 01 02 02 01 01 01 01 01 01 01 01 01 01 01 01 01 01 01 01 01 01 01 01 01 01 01 01 01 01 01 01 01 01 01 01 01 01 01 01 01 01 01 01 01 01 01 01 01 02 02 01 01 01 01 01 01 01 01 01 01 02 02 01 01 01 01 01 01 01 01 01 01 01 01 01 01 01 01 01 01 01 01 01 01 01 01 02 02 01 01 01 01 01 01 01 01 01 01 01 01
01 01 01 01 01 01 01 01 01 01 01 02 02 01 01 01 01 01 01 01 01 01 01 01 01 01 01 01 01 01 01 01 01 01 01 01 01 01 01 01 01 01 01 01 01 01 01 01 01 01 01 01 01 01 01 01 01 01 02 02 01 01 01 01 01 01 01 01 01 01 02 02 01 01 01 01 01 01 01 01 01 01 01 01 01 01 01 01 01 01 01 01 01 01 01 01 02 02 01 01 01 01 01 01 01 01 01 01 01 01
01 01 01 01 01 01 01 01 01 01 01 02 02 01 01 01 01 01 01 01 01 01 01 01 01 01 01 01 01 01 01 01 01 01 01 01 01 01 01 01 01 01 01 01 01 01 01 01 01 01 01 01 01 01 01 01 01 01 02 02 01 01 01 01 01 01 01 01 01 01 02 02 01 01 01 01 01 01 01 01 01 01 01 01 01 01 01 01 01 01 01 01 01 01 01 01 02 02 01 01 01 01 01 01 01 01 01 01 01 01
01 01 01 01 01 01 01 01 01 01 01 02 02 01 01 01 01 01 01 01 01 01 01 01 01 01 01 01 01 01 01 01 01 01 01 01 01 01 01 01 01 01 01 01 01 01 01 01 01 01 01 01 01 01 01 01 01 01 02 02 01 01 01 01 01 01 01 01 01 01 02 02 01 01 01 01 01 01 01 01 01 01 01 01 01 01 01 01 01 01 01 01 01 01 01 01 02 02 01 01 01 01 01 01 01 01 01 01 01 01
01 01 01 01 01 03 07 07 07 07 07 00 00 07 07 07 07 07 07 07 04 01 01 01 01 01 03 07 07 07 07 07 07 07 07 07 07 07 07 07 07 04 01 01 01 01 01 03 07 07 07 07 07 07 07 07 07 07 00 00 07 07 04 01 01 01 01 01 03 07 00 00 07 07 07 07 07 07 07 07 07 07 07 04 01 01 01 01 01 03 07 07 07 07 07 07 00 00 07 07 07 07 07 07 04 01 01 01 01 01
01 01 01 01 01 09 00 08 08 08 08 00 00 08 08 08 08 08 08 00 10 01 01 01 01 01 09 00 00 00 00 00 00 00 00 00 00 00 00 00 00 10 01 01 01 01 01 09 00 00 00 00 00 00 00 00 00 00 00 00 00 00 10 01 01 01 01 01 09 00 08 08 08 08 08 08 08 08 08 08 08 08 00 10 01 01 01 01 01 09 00 00 00 00 00 00 00 00 00 00 00 00 00 00 10 01 01 01 01 01
01 01 01 01 01 09 10 01 01 01 01 09 10 01 01 01 01 01 01 09 10 01 01 01 01 01 09 00 08 08 08 08 08 08 08 08 08 08 08 08 00 10 01 01 01 01 01 09 00 00 08 08 08 08 08 08 08 08 08 08 00 00 10 01 01 01 01 01 09 10 01 01 01 01 01 01 01 01 01 01 01 01 09 10 01 01 01 01 01 09 00 00 08 08 08 08 08 08 08 08 08 08 00 00 10 01 01 01 01 01
01 01 01 01 01 09 10 01 01 01 01 09 10 01 01 01 01 01 01 09 10 01 01 01 01 01 09 10 01 01 01 01 01 01 01 01 01 01 01 01 09 10 01 01 01 01 01 09 00 10 01 01 01 01 01 01 01 01 01 01 09 00 10 01 01 01 01 01 09 10 01 01 01 01 01 01 01 01 01 01 01 01 09 10 01 01 01 01 01 09 00 00 01 01 01 01 01 01 01 01 01 01 09 00 10 01 01 01 01 01
01 01 01 01 01 09 10 01 01 03 07 00 00 07 07 07 04 01 01 09 10 01 01 01 01 01 09 10 01 01 01 01 01 01 01 01 01 01 01 01 09 10 01 01 01 01 01 09 00 10 01 01 01 01 01 01 01 01 01 01 09 00 10 01 01 01 01 01 09 10 01 01 01 01 01 01 01 01 01 01 01 01 09 10 01 01 01 01 01 09 00 00 01 01 01 01 01 01 01 01 01 01 09 00 10 01 01 01 01 01
01 01 01 01 01 09 10 01 01 09 00 00 00 00 00 00 10 01 01 09 10 01 01 01 01 01 09 10 01 01 01 01 01 01 01 01 01 01 01 01 09 10 01 01 01 01 01 09 00 10 01 01 03 07 07 07 07 04 01 01 09 00 10 01 01 01 01 01 09 10 01 01 01 01 01 01 01 01 01 01 01 01 09 10 01 01 01 01 01 09 00 00 07 07 07 04 01 01 03 07 07 07 00 00 10 01 01 01 01 01
01 01 01 01 01 09 10 01 01 09 00 00 00 00 00 00 10 01 01 09 10 01 01 01 01 01 09 10 01 01 01 01 01 01 01 01 01 01 01 01 09 10 01 01 01 01 01 09 00 10 01 01 09 00 00 00 00 10 01 01 09 00 00 02 02 02 02 02 00 10 01 01 01 01 01 01 01 01 01 01 01 01 09 10 01 01 01 01 01 09 00 00 08 08 08 06 01 01 05 08 08 08 00 00 10 01 01 01 01 01
01 01 01 01 01 09 10 01 01 09 00 00 00 00 00 00 00 07 07 00 00 02 02 02 02 02 00 00 07 07 07 07 07 07 07 07 07 07 07 07 00 00 02 02 02 02 02 00 00 00 07 07 00 00 00 00 00 10 01 01 09 00 00 02 02 02 02 02 00 10 01 01 01 01 01 01 01 01 01 01 01 01 09 10 01 01 01 01 01 09 00 00 01 01 01 01 01 01 01 01 01 01 09 00 10 01 01 01 01 01
01 01 01 01 01 09 10 01 01 09 00 00 00 00 00 00 00 08 08 00 00 02 02 02 02 02 00 00 08 08 08 08 08 08 08 08 08 08 08 08 00 00 02 02 02 02 02 00 00 00 08 08 00 00 00 00 00 10 01 01 09 00 10 01 01 01 01 01 09 10 01 01 01 01 01 01 01 01 01 01 01 01 09 10 01 01 01 01 01 09 00 00 01 01 01 01 01 01 01 01 01 01 09 00 10 01 01 01 01 01
01 01 01 01 01 09 10 01 01 09 00 00 00 00 00 00 10 01 01 09 10 01 01 01 01 01 09 10 01 01 01 01 01 01 01 01 01 01 01 01 09 10 01 01 01 01 01 09 00 10 01 01 09 00 00 00 00 10 01 01 09 00 10 01 01 01 01 01 09 10 01 01 01 01 01 01 01 01 01 01 01 01 09 10 01 01 01 01 01 09 00 00 07 07 07 04 01 01 03 07 07 07 00 00 10 01 01 01 01 01
01 01 01 01 01 09 10 01 01 09 00 00 00 00 00 00 10 01 01 09 10 01 01 01 01 01 09 10 01 01 01 01 01 01 01 01 01 01 01 01 09 10 01 01 01 01 01 09 00 10 01 01 05 08 08 08 08 06 01 01 09 00 10 01 01 01 01 01 09 10 01 01 01 01 01 01 01 01 01 01 01 01 09 10 01 01 01 01 01 09 00 00 08 08 08 06 01 01 05 08 08 08 00 00 10 01 01 01 01 01
01 01 01 01 01 09 10 01 01 05 08 08 08 08 08 08 06 01 01 09 10 01 01 01 01 01 09 10 01 01 01 01 01 01 01 01 01 01 01 01 09 10 01 01 01 01 01 09 00 10 01 01 01 01 01 01 01 01 01 01 09 00 10 01 01 01 01 01 09 10 01 01 01 01 01 01 01 01 01 01 01 01 09 10 01 01 01 01 01 09 00 00 01 01 01 01 01 01 01 01 01 01 09 00 10 01 01 01 01 01
01 01 01 01 01 09 10 01 01 01 01 01 01 01 01 01 01 01 01 09 10 01 01 01 01 01 09 10 01 01 01 01 01 01 01 01 01 01 01 01 09 10 01 01 01 01 01 09 00 10 01 01 01 01 01 01 01 01 01 01 09 00 10 01 01 01 01 01 09 10 01 01 01 01 01 01 01 01 01 01 01 01 09 10 01 01 01 01 01 09 00 00 01 01 01 01 01 01 01 01 01 01 09 00 10 01 01 01 01 01
01 01 01 01 01 09 10 01 01 01 01 01 01 01 01 01 01 01 01 09 10 01 01 01 01 01 09 00 07 07 07 07 07 07 07 07 07 07 07 07 00 10 01 01 01 01 01 09 00 00 07 07 07 07 07 07 07 07 07 07 00 00 10 01 01 01 01 01 09 10 01 01 01 01 01 01 01 01 01 01 01 01 09 10 01 01 01 01 01 09 00 00 07 07 07 07 07 07 07 07 07 07 00 00 10 01 01 01 01 01
01 01 01 01 01 09 00 07 07 07 07 07 07 07 07 07 07 07 07 00 10 01 01 01 01 01 09 00 00 00 00 00 00 00 00 00 00 00 00 00 00 10 01 01 01 01 01 09 00 00 00 00 00 00 00 00 00 00 00 00 00 00 10 01 01 01 01 01 09 00 07 07 07 07 07 07 07 07 07 07 07 07 00 10 01 01 01 01 01 09 00 00 00 00 00 00 00 00 00 00 00 00 00 00 10 01 01 01 01 01
01 01 01 01 01 05 08 08 08 08 08 08 08 08 08 08 08 08 08 08 06 01 01 01 01 01 05 08 08 08 08 08 08 08 08 08 08 08 08 08 08 06 01 01 01 01 01 05 08 08 08 08 08 08 08 00 00 08 08 08 08 08 06 01 01 01 01 01 05 08 08 08 08 08 08 08 08 08 08 08 08 08 08 06 01 01 01 01 01 05 08 08 08 08 08 00 00 08 08 08 08 08 08 08 06 01 01 01 01 01
01 01 01 01 01 01 01 01 01 01 01 01 01 01 01 01 01 01 01 01 01 01 01 01 01 01 01 01 01 01 01 01 01 01 01 01 01 01 01 01 01 01 01 01 01 01 01 01 01 01 01 01 01 01 01 02 02 01 01 01 01 01 01 01 01 01 01 01 01 01 01 01 01 01 01 01 01 01 01 01 01 01 01 01 01 01 01 01 01 01 01 01 01 01 01 02 02 01 01 01 01 01 01 01 01 01 01 01 01 01
01 01 01 01 01 01 01 01 01 01 01 01 01 01 01 01 01 01 01 01 01 01 01 01 01 01 01 01 01 01 01 01 01 01 01 01 01 01 01 01 01 01 01 01 01 01 01 01 01 01 01 01 01 01 01 02 02 01 01 01 01 01 01 01 01 01 01 01 01 01 01 01 01 01 01 01 01 01 01 01 01 01 01 01 01 01 01 01 01 01 01 01 01 01 01 02 02 01 01 01 01 01 01 01 01 01 01 01 01 01
01 01 01 01 01 01 01 01 01 01 01 01 01 01 01 01 01 01 01 01 01 01 01 01 01 01 01 01 01 01 01 01 01 01 01 01 01 01 01 01 01 01 01 01 01 01 01 01 01 01 01 01 01 01 01 02 02 01 01 01 01 01 01 01 01 01 01 01 01 01 01 01 01 01 01 01 01 01 01 01 01 01 01 01 01 01 01 01 01 01 01 01 01 01 01 02 02 01 01 01 01 01 01 01 01 01 01 01 01 01
01 01 01 01 01 01 01 01 01 01 01 01 01 01 01 01 01 01 01 01 01 01 01 01 01 01 01 01 01 01 01 01 01 01 01 01 01 01 01 01 01 01 01 01 01 01 01 01 01 01 01 01 01 01 01 02 02 01 01 01 01 01 01 01 01 01 01 01 01 01 01 01 01 01 01 01 01 01 01 01 01 01 01 01 01 01 01 01 01 01 01 01 01 01 01 02 02 01 01 01 01 01 01 01 01 01 01 01 01 01
01 01 01 01 01 01 01 01 01 01 01 01 01 01 01 01 01 01 01 01 01 01 01 01 01 01 01 01 01 01 01 01 01 01 01 01 01 01 01 01 01 01 01 01 01 01 01 01 01 01 01 01 01 01 01 02 02 01 01 01 01 01 01 01 01 01 01 01 01 01 01 01 01 01 01 01 01 01 01 01 01 01 01 01 01 01 01 01 01 01 01 01 01 01 01 02 02 01 01 01 01 01 01 01 01 01 01 01 01 01
01 01 01 01 01 03 07 07 07 07 07 07 07 07 07 07 07 07 07 07 04 01 01 01 01 01 03 07 07 07 07 07 07 07 07 07 07 07 07 07 07 04 01 01 01 01 01 03 07 07 07 07 07 07 07 00 00 07 07 07 07 07 04 01 01 01 01 01 03 07 07 07 07 07 07 07 07 07 07 07 07 07 07 04 01 01 01 01 01 03 07 07 07 07 07 00 00 07 07 07 07 07 07 07 04 01 01 01 01 01
01 01 01 01 01 09 00 08 08 08 08 08 08 08 08 08 08 08 08 00 10 01 01 01 01 01 09 00 08 08 08 08 08 08 08 08 08 08 08 08 00 10 01 01 01 01 01 09 00 00 00 00 00 00 00 00 00 00 00 00 00 00 10 01 01 01 01 01 09 00 08 08 08 08 08 08 08 08 08 08 08 08 00 10 01 01 01 01 01 09 00 00 00 00 00 00 00 00 00 00 00 00 00 00 10 01 01 01 01 01
01 01 01 01 01 09 10 01 01 01 01 01 01 01 01 01 01 01 01 09 10 01 01 01 01 01 09 10 01 01 01 01 01 01 01 01 01 01 01 01 09 10 01 01 01 01 01 09 00 00 00 00 00 00 00 00 00 00 00 00 00 00 10 01 01 01 01 01 09 10 01 01 01 01 01 01 01 01 01 01 01 01 09 10 01 01 01 01 01 09 00 00 00 00 00 00 00 00 00 00 00 00 00 00 10 01 01 01 01 01
01 01 01 01 01 09 10 01 01 01 01 01 01 01 01 01 01 01 01 09 10 01 01 01 01 01 09 00 07 07 07 07 07 07 07 07 07 07 07 07 00 00 02 02 02 02 02 00 00 00 00 08 08 08 08 08 08 08 08 00 00 00 10 01 01 01 01 01 09 10 01 01 01 01 01 01 01 01 01 01 01 01 09 10 01 01 01 01 01 09 00 00 00 00 00 00 00 00 00 00 00 00 00 00 10 01 01 01 01 01
01 01 01 01 01 09 10 01 01 01 01 01 01 01 01 01 01 01 01 09 10 01 01 01 01 01 09 00 08 08 08 08 08 08 08 08 08 08 08 08 00 00 02 02 02 02 02 00 00 00 10 01 01 01 01 01 01 01 01 09 00 00 10 01 01 01 01 01 09 10 01 01 03 07 07 07 07 07 07 04 01 01 09 10 01 01 01 01 01 09 00 00 00 00 00 00 00 00 00 00 00 00 00 00 10 01 01 01 01 01
01 01 01 01 01 09 10 01 01 01 01 01 01 01 01 01 01 01 01 09 10 01 01 01 01 01 09 10 01 01 01 01 01 01 01 01 01 01 01 01 09 10 01 01 01 01 01 09 00 00 10 01 01 01 01 01 01 01 01 09 00 00 10 01 01 01 01 01 09 10 01 01 09 00 00 00 00 00 00 10 01 01 09 10 01 01 01 01 01 09 00 00 00 00 00 00 00 00 00 00 00 00 00 00 10 01 01 01 01 01
01 01 01 01 01 09 10 01 01 01 01 01 01 01 01 01 01 01 01 09 10 01 01 01 01 01 09 10 01 01 01 01 01 01 01 01 01 01 01 01 09 10 01 01 01 01 01 09 00 00 10 01 01 01 01 01 01 01 01 09 00 00 10 01 01 01 01 01 09 10 01 01 09 00 00 00 00 00 00 10 01 01 09 10 01 01 01 01 01 09 00 00 00 00 00 00 00 00 00 00 00 00 00 00 10 01 01 01 01 01
01 01 01 01 01 09 10 01 01 01 01 01 01 01 01 01 01 01 01 09 10 01 01 01 01 01 09 10 01 01 01 01 01 01 01 01 01 01 01 01 09 10 01 01 01 01 01 09 00 00 10 01 01 01 01 01 01 01 01 09 00 00 10 01 01 01 01 01 09 10 01 01 09 00 00 00 00 00 00 10 01 01 09 10 01 01 01 01 01 09 00 00 00 00 00 00 00 00 00 00 00 00 00 00 10 01 01 01 01 01
01 01 01 01 01 09 10 01 01 01 01 01 01 01 01 01 01 01 01 09 00 02 02 02 02 02 00 10 01 01 01 01 01 01 01 01 01 01 01 01 09 10 01 01 01 01 01 09 00 00 10 01 01 01 01 01 01 01 01 09 00 00 10 01 01 01 01 01 09 10 01 01 09 00 00 00 00 00 00 10 01 01 09 10 01 01 01 01 01 09 00 00 00 00 00 00 00 00 00 00 00 00 00 00 10 01 01 01 01 01
01 01 01 01 01 09 10 01 01 01 01 01 01 01 01 01 01 01 01 09 00 02 02 02 02 02 00 10 01 01 01 01 01 01 01 01 01 01 01 01 09 10 01 01 01 01 01 09 00 00 10 01 01 01 01 01 01 01 01 09 00 00 10 01 01 01 01 01 09 10 01 01 09 00 00 00 00 00 00 10 01 01 09 10 01 01 01 01 01 09 00 00 00 00 00 00 00 00 00 00 00 00 00 00 10 01 01 01 01 01
01 01 01 01 01 09 10 01 01 01 01 01 01 01 01 01 01 01 01 09 10 01 01 01 01 01 09 10 01 01 01 01 01 01 01 01 01 01 01 01 09 10 01 01 01 01 01 09 00 00 10 01 01 01 01 01 01 01 01 09 00 00 10 01 01 01 01 01 09 10 01 01 09 00 00 00 00 00 00 10 01 01 09 10 01 01 01 01 01 09 00 00 00 00 00 00 00 00 00 00 00 00 00 00 10 01 01 01 01 01
01 01 01 01 01 09 10 01 01 01 01 01 01 01 01 01 01 01 01 09 10 01 01 01 01 01 09 00 07 07 07 07 07 07 07 07 07 07 07 07 00 10 01 01 01 01 01 09 00 00 10 01 01 01 01 01 01 01 01 09 00 00 10 01 01 01 01 01 09 10 01 01 05 08 08 08 00 00 08 06 01 01 09 10 01 01 01 01 01 09 00 00 00 00 00 00 00 00 00 00 00 00 00 00 10 01 01 01 01 01
01 01 01 01 01 09 10 01 01 01 01 01 01 01 01 01 01 01 01 09 10 01 01 01 01 01 09 00 08 08 08 08 08 08 08 08 08 08 08 08 00 10 01 01 01 01 01 09 00 00 00 07 07 07 07 07 07 07 07 00 00 00 10 01 01 01 01 01 09 10 01 01 01 01 01 01 09 10 01 01 01 01 09 10 01 01 01 01 01 09 00 00 00 00 00 00 00 00 00 00 00 00 00 00 10 01 01 01 01 01
01 01 01 01 01 09 10 01 01 01 01 01 01 01 01 01 01 01 01 09 10 01 01 01 01 01 09 10 01 01 01 01 01 01 01 01 01 01 01 01 09 10 01 01 01 01 01 09 00 00 00 00 00 00 00 00 00 00 00 00 00 00 10 01 01 01 01 01 09 10 01 01 01 01 01 01 09 10 01 01 01 01 09 10 01 01 01 01 01 09 00 00 00 00 00 00 00 00 00 00 00 00 00 00 10 01 01 01 01 01
01 01 01 01 01 09 00 07 07 07 07 07 07 07 07 07 07 07 07 00 10 01 01 01 01 01 09 00 07 07 07 07 07 07 07 07 07 07 07 07 00 10 01 01 01 01 01 09 00 00 00 00 00 00 00 00 00 00 00 00 00 00 10 01 01 01 01 01 09 00 07 07 07 07 07 07 00 00 07 07 07 07 00 10 01 01 01 01 01 09 00 00 00 00 00 00 00 00 00 00 00 00 00 00 10 01 01 01 01 01
01 01 01 01 01 05 08 08 08 00 00 08 08 08 08 08 08 08 08 08 06 01 01 01 01 01 05 08 08 08 08 08 08 08 08 08 08 08 08 08 08 06 01 01 01 01 01 05 08 08 08 08 08 08 08 08 08 08 08 08 08 08 06 01 01 01 01 01 05 08 08 08 08 08 08 08 00 00 08 08 08 08 08 06 01 01 01 01 01 05 08 08 08 08 08 08 08 08 08 08 08 08 08 08 06 01 01 01 01 01
01 01 01 01 01 01 01 01 01 02 02 01 01 01 01 01 01 01 01 01 01 01 01 01 01 01 01 01 01 01 01 01 01 01 01 01 01 01 01 01 01 01 01 01 01 01 01 01 01 01 01 01 01 01 01 01 01 01 01 01 01 01 01 01 01 01 01 01 01 01 01 01 01 01 01 01 02 02 01 01 01 01 01 01 01 01 01 01 01 01 01 01 01 01 01 01 01 01 01 01 01 01 01 01 01 01 01 01 01 01
01 01 01 01 01 01 01 01 01 02 02 01 01 01 01 01 01 01 01 01 01 01 01 01 01 01 01 01 01 01 01 01 01 01 01 01 01 01 01 01 01 01 01 01 01 01 01 01 01 01 01 01 01 01 01 01 01 01 01 01 01 01 01 01 01 01 01 01 01 01 01 01 01 01 01 01 02 02 01 01 01 01 01 01 01 01 01 01 01 01 01 01 01 01 01 01 01 01 01 01 01 01 01 01 01 01 01 01 01 01
01 01 01 01 01 01 01 01 01 02 02 01 01 01 01 01 01 01 01 01 01 01 01 01 01 01 01 01 01 01 01 01 01 01 01 01 01 01 01 01 01 01 01 01 01 01 01 01 01 01 01 01 01 01 01 01 01 01 01 01 01 01 01 01 01 01 01 01 01 01 01 01 01 01 01 01 02 02 01 01 01 01 01 01 01 01 01 01 01 01 01 01 01 01 01 01 01 01 01 01 01 01 01 01 01 01 01 01 01 01
01 01 01 01 01 01 01 01 01 02 02 01 01 01 01 01 01 01 01 01 01 01 01 01 01 01 01 01 01 01 01 01 01 01 01 01 01 01 01 01 01 01 01 01 01 01 01 01 01 01 01 01 01 01 01 01 01 01 01 01 01 01 01 01 01 01 01 01 01 01 01 01 01 01 01 01 02 02 01 01 01 01 01 01 01 01 01 01 01 01 01 01 01 01 01 01 01 01 01 01 01 01 01 01 01 01 01 01 01 01
01 01 01 01 01 01 01 01 01 02 02 01 01 01 01 01 01 01 01 01 01 01 01 01 01 01 01 01 01 01 01 01 01 01 01 01 01 01 01 01 01 01 01 01 01 01 01 01 01 01 01 01 01 01 01 01 01 01 01 01 01 01 01 01 01 01 01 01 01 01 01 01 01 01 01 01 02 02 01 01 01 01 01 01 01 01 01 01 01 01 01 01 01 01 01 01 01 01 01 01 01 01 01 01 01 01 01 01 01 01
01 01 01 01 01 03 07 07 07 00 00 07 07 07 07 07 07 07 07 07 04 01 01 01 01 01 03 07 07 07 07 07 07 07 07 07 07 07 07 07 07 04 01 01 01 01 01 03 07 07 07 07 07 07 07 07 07 07 07 07 07 07 04 01 01 01 01 01 03 07 07 07 07 07 07 07 00 00 07 07 07 07 07 04 01 01 01 01 01 03 07 07 07 07 07 07 07 07 07 07 07 07 07 07 04 01 01 01 01 01
01 01 01 01 01 09 00 08 08 00 00 08 08 08 08 08 08 08 08 00 10 01 01 01 01 01 09 00 00 00 00 00 00 00 00 00 00 00 00 00 00 10 01 01 01 01 01 09 00 00 00 00 00 00 00 00 00 00 00 00 00 00 10 01 01 01 01 01 09 00 08 08 08 08 08 08 00 00 08 08 08 08 00 10 01 01 01 01 01 09 00 00 00 00 00 00 00 00 00 00 00 00 00 00 10 01 01 01 01 01
01 01 01 01 01 09 10 01 01 09 10 01 01 01 01 01 01 01 01 09 10 01 01 01 01 01 09 00 00 00 00 00 00 00 00 00 00 00 00 00 00 10 01 01 01 01 01 09 00 00 08 08 08 08 00 00 08 08 08 08 00 00 10 01 01 01 01 01 09 10 01 01 01 01 01 01 09 10 01 01 01 01 09 10 01 01 01 01 01 09 00 08 08 08 00 00 08 08 00 00 08 08 08 00 10 01 01 01 01 01
01 01 01 01 01 09 10 01 01 09 10 01 01 01 01 01 01 01 01 09 10 01 01 01 01 01 09 00 00 00 08 08 00 00 00 00 08 08 00 00 00 10 01 01 01 01 01 09 00 10 01 01 01 01 09 10 01 01 01 01 09 00 10 01 01 01 01 01 09 10 01 01 01 01 01 01 09 10 01 01 01 01 09 10 01 01 01 01 01 09 10 01 01 01 09 10 01 01 09 10 01 01 01 09 10 01 01 01 01 01
01 01 01 01 01 09 10 01 01 09 00 07 07 07 07 07 04 01 01 09 10 01 01 01 01 01 09 00 00 10 01 01 09 00 00 10 01 01 09 00 00 10 01 01 01 01 01 09 00 10 01 01 01 01 09 10 01 01 01 01 09 00 10 01 01 01 01 01 09 10 01 01 03 07 07 07 00 00 07 04 01 01 09 10 01 01 01 01 01 09 10 01 01 01 09 10 01 01 09 10 01 01 01 09 10 01 01 01 01 01
01 01 01 01 01 09 10 01 01 09 00 00 00 00 00 00 10 01 01 09 10 01 01 01 01 01 09 00 00 10 01 01 09 00 00 10 01 01 09 00 00 10 01 01 01 01 01 09 00 10 01 01 01 01 09 10 01 01 01 01 09 00 00 02 02 02 02 02 00 00 07 07 00 00 00 00 00 00 00 10 01 01 09 10 01 01 01 01 01 09 10 01 01 01 09 10 01 01 09 10 01 01 01 09 10 01 01 01 01 01
01 01 01 01 01 09 10 01 01 09 00 00 00 00 00 00 10 01 01 09 10 01 01 01 01 01 09 00 00 10 01 01 09 00 00 10 01 01 09 00 00 10 01 01 01 01 01 09 00 10 01 01 01 01 09 10 01 01 01 01 09 00 00 02 02 02 02 02 00 00 08 08 00 00 00 00 00 00 00 10 01 01 09 10 01 01 01 01 01 09 10 01 01 01 09 10 01 01 09 10 01 01 01 09 10 01 01 01 01 01
01 01 01 01 01 09 10 01 01 09 00 00 00 00 00 00 10 01 01 09 10 01 01 01 01 01 09 00 00 00 07 07 00 00 00 00 07 07 00 00 00 00 02 02 02 02 02 00 00 00 07 07 07 07 00 00 07 07 07 07 00 00 10 01 01 01 01 01 09 10 01 01 09 00 00 00 00 00 00 10 01 01 09 10 01 01 01 01 01 09 10 01 01 01 09 10 01 01 09 10 01 01 01 09 10 01 01 01 01 01
01 01 01 01 01 09 10 01 01 09 00 00 00 00 00 00 10 01 01 09 10 01 01 01 01 01 09 00 00 00 00 00 00 08 08 00 00 00 00 00 00 00 02 02 02 02 02 00 00 00 08 08 08 08 00 00 08 08 08 08 00 00 10 01 01 01 01 01 09 10 01 01 09 00 00 00 00 00 00 10 01 01 09 10 01 01 01 01 01 09 10 01 01 01 09 10 01 01 09 10 01 01 01 09 10 01 01 01 01 01
01 01 01 01 01 09 10 01 01 09 00 00 00 00 00 00 10 01 01 09 10 01 01 01 01 01 09 00 00 00 00 00 10 01 01 09 00 00 00 00 00 10 01 01 01 01 01 09 00 10 01 01 01 01 09 10 01 01 01 01 09 00 10 01 01 01 01 01 09 10 01 01 09 00 00 00 00 00 00 00 07 07 00 00 02 02 02 02 02 00 10 01 01 01 09 10 01 01 09 10 01 01 01 09 10 01 01 01 01 01
01 01 01 01 01 09 10 01 01 09 00 00 00 00 00 00 00 07 07 00 00 02 02 02 02 02 00 00 00 08 08 00 10 01 01 09 00 08 08 00 00 10 01 01 01 01 01 09 00 10 01 01 01 01 09 10 01 01 01 01 09 00 10 01 01 01 01 01 09 10 01 01 09 00 00 00 00 00 00 00 08 08 00 00 02 02 02 02 02 00 10 01 01 01 09 10 01 01 09 10 01 01 01 09 10 01 01 01 01 01
01 01 01 01 01 09 10 01 01 05 08 08 08 08 08 08 08 08 08 00 00 02 02 02 02 02 00 00 10 01 01 09 10 01 01 09 10 01 01 09 00 10 01 01 01 01 01 09 00 10 01 01 01 01 09 10 01 01 01 01 09 00 10 01 01 01 01 01 09 10 01 01 05 08 08 08 08 08 08 06 01 01 09 10 01 01 01 01 01 09 10 01 01 01 09 10 01 01 09 10 01 01 01 09 10 01 01 01 01 01
01 01 01 01 01 09 10 01 01 01 01 01 01 01 01 01 01 01 01 09 10 01 01 01 01 01 09 00 10 01 01 09 00 07 07 00 10 01 01 09 00 10 01 01 01 01 01 09 00 10 01 01 01 01 09 10 01 01 01 01 09 00 10 01 01 01 01 01 09 10 01 01 01 01 01 01 01 01 01 01 01 01 09 10 01 01 01 01 01 09 10 01 01 01 09 10 01 01 09 10 01 01 01 09 10 01 01 01 01 01
01 01 01 01 01 09 10 01 01 01 01 01 01 01 01 01 01 01 01 09 10 01 01 01 01 01 09 00 00 07 07 00 00 00 00 00 00 07 07 00 00 10 01 01 01 01 01 09 00 00 07 07 07 07 00 00 07 07 07 07 00 00 10 01 01 01 01 01 09 10 01 01 01 01 01 01 01 01 01 01 01 01 09 10 01 01 01 01 01 09 00 07 07 07 00 00 07 07 00 00 07 07 07 00 10 01 01 01 01 01
01 01 01 01 01 09 00 07 07 07 07 07 07 07 07 07 07 07 07 00 10 01 01 01 01 01 09 00 00 00 00 00 00 00 00 00 00 00 00 00 00 10 01 01 01 01 01 09 00 00 00 00 00 00 00 00 00 00 00 00 00 00 10 01 01 01 01 01 09 00 07 07 07 07 07 07 07 07 07 07 07 07 00 10 01 01 01 01 01 09 00 00 00 00 00 00 00 00 00 00 00 00 00 00 10 01 01 01 01 01
01 01 01 01 01 05 08 08 08 08 08 08 08 08 08 08 08 08 08 08 06 01 01 01 01 01 05 08 08 08 08 08 08 08 08 08 08 08 08 08 08 06 01 01 01 01 01 05 08 08 08 08 08 08 08 08 08 08 08 08 08 08 06 01 01 01 01 01 05 08 08 08 08 08 08 08 08 08 08 08 08 08 08 06 01 01 01 01 01 05 08 08 08 08 08 08 08 08 08 08 08 08 08 08 06 01 01 01 01 01
01 01 01 01 01 01 01 01 01 01 01 01 01 01 01 01 01 01 01 01 01 01 01 01 01 01 01 01 01 01 01 01 01 01 01 01 01 01 01 01 01 01 01 01 01 01 01 01 01 01 01 01 01 01 01 01 01 01 01 01 01 01 01 01 01 01 01 01 01 01 01 01 01 01 01 01 01 01 01 01 01 01 01 01 01 01 01 01 01 01 01 01 01 01 01 01 01 01 01 01 01 01 01 01 01 01 01 01 01 01
01 01 01 01 01 01 01 01 01 01 01 01 01 01 01 01 01 01 01 01 01 01 01 01 01 01 01 01 01 01 01 01 01 01 01 01 01 01 01 01 01 01 01 01 01 01 01 01 01 01 01 01 01 01 01 01 01 01 01 01 01 01 01 01 01 01 01 01 01 01 01 01 01 01 01 01 01 01 01 01 01 01 01 01 01 01 01 01 01 01 01 01 01 01 01 01 01 01 01 01 01 01 01 01 01 01 01 01 01 01
01 01 01 01 01 01 01 01 01 01 01 01 01 01 01 01 01 01 01 01 01 01 01 01 01 01 01 01 01 01 01 01 01 01 01 01 01 01 01 01 01 01 01 01 01 01 01 01 01 01 01 01 01 01 01 01 01 01 01 01 01 01 01 01 01 01 01 01 01 01 01 01 01 01 01 01 01 01 01 01 01 01 01 01 01 01 01 01 01 01 01 01 01 01 01 01 01 01 01 01 01 01 01 01 01 01 01 01 01 01
01 01 01 01 01 01 01 01 01 01 01 01 01 01 01 01 01 01 01 01 01 01 01 01 01 01 01 01 01 01 01 01 01 01 01 01 01 01 01 01 01 01 01 01 01 01 01 01 01 01 01 01 01 01 01 01 01 01 01 01 01 01 01 01 01 01 01 01 01 01 01 01 01 01 01 01 01 01 01 01 01 01 01 01 01 01 01 01 01 01 01 01 01 01 01 01 01 01 01 01 01 01 01 01 01 01 01 01 01 01
01 01 01 01 01 01 01 01 01 01 01 01 01 01 01 01 01 01 01 01 01 01 01 01 01 01 01 01 01 01 01 01 01 01 01 01 01 01 01 01 01 01 01 01 01 01 01 01 01 01 01 01 01 01 01 01 01 01 01 01 01 01 01 01 01 01 01 01 01 01 01 01 01 01 01 01 01 01 01 01 01 01 01 01 01 01 01 01 01 01 01 01 01 01 01 01 01 01 01 01 01 01 01 01 01 01 01 01 01 01